1000 5
2 1
3 1
4 3
5 2
6 2
7 5
8 5
9 4
10 4
11 7
12 3
13 1
14 2
15 13
16 9
17 16
18 13
19 6
20 7
21 17
22 8
23 8
24 2
25 10
26 7
27 13
28 19
29 2
30 13
31 8
32 9
33 1
34 20
35 10
36 1
37 4
38 31
39 27
40 27
41 32
42 37
43 23
44 16
45 11
46 39
47 38
48 18
49 25
50 46
51 22
52 6
53 44
54 24
55 46
56 14
57 17
58 17
59 8
60 39
61 10
62 18
63 6
64 55
65 25
66 63
67 45
68 8
69 34
70 1
71 41
72 60
73 66
74 9
75 67
76 5
77 12
78 7
79 2
80 70
81 11
82 17
83 15
84 60
85 84
86 71
87 83
88 42
89 55
90 31
91 63
92 29
93 18
94 74
95 67
96 56
97 19
98 45
99 3
100 57
101 48
102 36
103 64
104 28
105 104
106 18
107 99
108 53
109 25
110 9
111 29
112 81
113 31
114 54
115 51
116 9
117 71
118 97
119 89
120 44
121 14
122 10
123 71
124 24
125 54
126 19
127 8
128 123
129 69
130 103
131 73
132 131
133 62
134 129
135 33
136 132
137 71
138 23
139 52
140 28
141 6
142 106
143 2
144 119
145 35
146 44
147 76
148 136
149 75
150 46
151 70
152 137
153 133
154 150
155 121
156 118
157 38
158 64
159 65
160 8
161 148
162 86
163 84
164 32
165 38
166 101
167 148
168 21
169 25
170 123
171 64
172 28
173 97
174 52
175 173
176 130
177 125
178 63
179 165
180 9
181 14
182 142
183 181
184 118
185 94
186 33
187 115
188 109
189 88
190 34
191 47
192 190
193 47
194 79
195 147
196 15
197 27
198 173
199 23
200 176
201 90
202 112
203 118
204 146
205 62
206 113
207 72
208 138
209 127
210 164
211 16
212 199
213 86
214 37
215 209
216 158
217 164
218 65
219 211
220 41
221 13
222 178
223 77
224 34
225 17
226 82
227 35
228 168
229 86
230 208
231 144
232 59
233 118
234 165
235 223
236 202
237 168
238 3
239 55
240 230
241 202
242 146
243 36
244 89
245 132
246 108
247 12
248 218
249 121
250 119
251 7
252 12
253 245
254 180
255 180
256 197
257 49
258 27
259 238
260 108
261 111
262 208
263 158
264 128
265 156
266 216
267 213
268 85
269 224
270 29
271 263
272 146
273 248
274 72
275 240
276 254
277 110
278 237
279 147
280 36
281 95
282 172
283 185
284 146
285 17
286 73
287 154
288 11
289 6
290 44
291 283
292 151
293 99
294 22
295 291
296 127
297 128
298 32
299 190
300 197
301 61
302 89
303 92
304 247
305 134
306 273
307 20
308 90
309 194
310 40
311 144
312 134
313 189
314 156
315 231
316 114
317 64
318 243
319 94
320 222
321 45
322 84
323 133
324 193
325 116
326 66
327 262
328 243
329 147
330 326
331 185
332 162
333 156
334 190
335 115
336 103
337 62
338 144
339 116
340 116
341 215
342 144
343 213
344 226
345 184
346 287
347 231
348 255
349 114
350 335
351 54
352 48
353 140
354 253
355 90
356 114
357 345
358 20
359 257
360 202
361 21
362 281
363 123
364 125
365 291
366 69
367 302
368 125
369 90
370 223
371 244
372 215
373 354
374 306
375 123
376 327
377 249
378 174
379 178
380 41
381 188
382 253
383 374
384 340
385 115
386 70
387 366
388 386
389 294
390 318
391 302
392 356
393 341
394 123
395 58
396 196
397 83
398 194
399 153
400 287
401 296
402 120
403 205
404 114
405 134
406 158
407 25
408 17
409 356
410 376
411 395
412 65
413 272
414 407
415 114
416 103
417 178
418 330
419 83
420 301
421 102
422 107
423 349
424 237
425 242
426 362
427 53
428 103
429 341
430 340
431 92
432 211
433 418
434 77
435 360
436 253
437 84
438 337
439 323
440 232
441 388
442 274
443 52
444 250
445 184
446 148
447 3
448 191
449 6
450 45
451 386
452 330
453 385
454 255
455 343
456 209
457 122
458 223
459 353
460 309
461 396
462 243
463 142
464 84
465 217
466 349
467 37
468 264
469 237
470 310
471 454
472 416
473 182
474 230
475 165
476 55
477 159
478 22
479 392
480 397
481 223
482 476
483 101
484 67
485 401
486 7
487 246
488 165
489 346
490 150
491 272
492 93
493 116
494 33
495 317
496 153
497 440
498 301
499 197
500 109
501 239
502 479
503 109
504 327
505 348
506 50
507 437
508 359
509 71
510 82
511 273
512 430
513 212
514 99
515 379
516 189
517 496
518 131
519 471
520 439
521 458
522 61
523 395
524 266
525 271
526 153
527 249
528 432
529 174
530 260
531 74
532 476
533 138
534 503
535 278
536 42
537 104
538 77
539 206
540 182
541 126
542 297
543 274
544 536
545 338
546 236
547 228
548 269
549 365
550 359
551 174
552 164
553 125
554 380
555 167
556 540
557 84
558 323
559 63
560 559
561 502
562 238
563 535
564 441
565 369
566 436
567 468
568 364
569 51
570 128
571 206
572 3
573 107
574 75
575 79
576 508
577 141
578 386
579 534
580 466
581 421
582 579
583 416
584 3
585 224
586 549
587 286
588 453
589 204
590 95
591 382
592 25
593 207
594 562
595 252
596 553
597 484
598 233
599 60
600 523
601 517
602 576
603 210
604 442
605 7
606 125
607 485
608 579
609 241
610 210
611 81
612 58
613 450
614 249
615 242
616 529
617 133
618 248
619 327
620 58
621 521
622 81
623 227
624 442
625 326
626 441
627 475
628 605
629 274
630 583
631 351
632 386
633 165
634 262
635 404
636 36
637 339
638 214
639 267
640 276
641 555
642 24
643 609
644 613
645 551
646 461
647 69
648 320
649 162
650 107
651 156
652 584
653 589
654 583
655 566
656 378
657 20
658 493
659 520
660 270
661 156
662 591
663 160
664 612
665 292
666 372
667 427
668 220
669 186
670 229
671 426
672 337
673 19
674 568
675 87
676 516
677 636
678 478
679 112
680 83
681 272
682 569
683 660
684 595
685 371
686 186
687 165
688 563
689 321
690 432
691 469
692 15
693 335
694 352
695 565
696 215
697 332
698 394
699 524
700 24
701 327
702 610
703 544
704 678
705 4
706 7
707 430
708 624
709 506
710 266
711 386
712 270
713 118
714 247
715 525
716 223
717 466
718 700
719 11
720 170
721 456
722 545
723 565
724 119
725 126
726 279
727 493
728 306
729 355
730 144
731 527
732 90
733 692
734 572
735 214
736 294
737 704
738 148
739 53
740 546
741 213
742 177
743 388
744 262
745 18
746 26
747 695
748 65
749 615
750 606
751 623
752 345
753 359
754 428
755 318
756 597
757 500
758 583
759 556
760 192
761 592
762 301
763 165
764 574
765 305
766 356
767 181
768 386
769 257
770 70
771 656
772 584
773 334
774 154
775 430
776 259
777 360
778 747
779 422
780 301
781 219
782 168
783 493
784 73
785 46
786 643
787 421
788 296
789 201
790 300
791 124
792 104
793 530
794 192
795 789
796 328
797 126
798 141
799 66
800 675
801 636
802 145
803 503
804 112
805 284
806 6
807 36
808 511
809 413
810 278
811 278
812 511
813 222
814 419
815 611
816 476
817 237
818 219
819 786
820 24
821 583
822 740
823 558
824 495
825 583
826 140
827 94
828 259
829 671
830 398
831 583
832 609
833 161
834 623
835 528
836 808
837 160
838 252
839 632
840 570
841 198
842 169
843 131
844 574
845 739
846 364
847 99
848 811
849 12
850 629
851 387
852 113
853 190
854 503
855 619
856 701
857 281
858 242
859 709
860 383
861 689
862 817
863 419
864 82
865 817
866 798
867 451
868 4
869 608
870 189
871 62
872 840
873 148
874 553
875 301
876 663
877 92
878 38
879 459
880 545
881 90
882 409
883 16
884 680
885 883
886 306
887 150
888 53
889 787
890 185
891 265
892 877
893 543
894 204
895 43
896 67
897 376
898 671
899 600
900 773
901 669
902 301
903 195
904 51
905 511
906 426
907 825
908 361
909 36
910 678
911 820
912 610
913 511
914 217
915 604
916 255
917 698
918 330
919 489
920 30
921 402
922 250
923 212
924 8
925 713
926 488
927 448
928 907
929 685
930 545
931 314
932 408
933 338
934 444
935 705
936 370
937 549
938 237
939 350
940 238
941 876
942 389
943 23
944 290
945 458
946 528
947 465
948 334
949 930
950 280
951 120
952 846
953 785
954 632
955 718
956 900
957 107
958 732
959 359
960 250
961 678
962 208
963 404
964 662
965 551
966 643
967 62
968 550
969 357
970 953
971 397
972 400
973 490
974 675
975 356
976 33
977 312
978 378
979 642
980 786
981 794
982 497
983 378
984 91
985 693
986 840
987 190
988 585
989 529
990 843
991 108
992 569
993 969
994 509
995 672
996 994
997 833
998 604
999 963
1000 345
